# Time-averaged data for fix 2
# TimeStep v_TEMPERATURE v_PRESSURE v_KE v_PE v_TOT_ENG v_ECOUPLE v_ECONSERVE
0 220 276.414 4622.58 -11997.8 -7375.22 0 -7375.22
1000 219.677 1482.44 4615.8 -7917.16 -3301.36 -4068.06 -7369.43
2000 199.759 1278.79 4197.28 -6965.28 -2768 -4596.79 -7364.79
3000 214.309 -350.031 4503.01 -6826.5 -2323.49 -5042.33 -7365.82
4000 225.365 23.934 4735.3 -6941 -2205.7 -5163.84 -7369.53
5000 221.433 190.841 4652.69 -6767.4 -2114.7 -5255.1 -7369.81
6000 216.28 -264.572 4544.42 -6328.93 -1784.52 -5582.66 -7367.18
7000 213.314 -367.675 4482.1 -6119.65 -1637.55 -5729.25 -7366.79
8000 214.907 -315.606 4515.57 -5996.72 -1481.16 -5886.75 -7367.91
9000 221.86 -81.3718 4661.67 -5930.3 -1268.63 -6099.77 -7368.4
10000 219.487 28.6807 4611.81 -5646.94 -1035.13 -6332.02 -7367.15
11000 217.595 -93.8076 4572.06 -5372.57 -800.513 -6565.74 -7366.25
12000 220.103 -176.606 4624.75 -5439.25 -814.494 -6552.37 -7366.87
13000 225.532 -305.887 4738.82 -5353.74 -614.915 -6752.27 -7367.19
14000 222.594 -386.009 4677.09 -5270.76 -593.664 -6773.07 -7366.74
15000 221.962 -178.248 4663.8 -5257.32 -593.525 -6772.85 -7366.37
16000 218.632 131.453 4593.83 -5179.58 -585.748 -6780.58 -7366.33
17000 219.074 3.24061 4603.12 -5239.33 -636.207 -6730.48 -7366.68
18000 221.279 -8.89896 4649.44 -5359.72 -710.273 -6656.31 -7366.58
19000 217.565 -125.861 4571.42 -5347.09 -775.662 -6590.86 -7366.52
20000 221.306 99.2093 4650.03 -5505.26 -855.229 -6511.46 -7366.69
21000 219.689 232.326 4616.05 -5610.61 -994.564 -6372.38 -7366.94
22000 218.65 56.9565 4594.21 -5619.92 -1025.72 -6341.2 -7366.92
23000 218.594 16.389 4593.05 -5629.43 -1036.39 -6330.47 -7366.86
24000 216.984 83.6504 4559.21 -5561.45 -1002.24 -6364.86 -7367.1
25000 220.983 -5.53418 4643.24 -5642.93 -999.693 -6367.34 -7367.03
26000 220.156 -245.024 4625.86 -5589.76 -963.901 -6402.89 -7366.79
27000 218.932 117.263 4600.13 -5587.74 -987.607 -6379.34 -7366.95
28000 220.553 81.8357 4634.19 -5618.17 -983.981 -6383.03 -7367.01
29000 218.51 -213.216 4591.28 -5499.1 -907.821 -6459.06 -7366.88
30000 218.691 -282.281 4595.07 -5516.78 -921.703 -6445.48 -7367.18
31000 222.224 28.2069 4669.31 -5413.84 -744.521 -6622.17 -7366.7
32000 217.169 -192.516 4563.09 -5447.5 -884.411 -6482.39 -7366.8
33000 217.474 -281.03 4569.5 -5497.53 -928.026 -6438.96 -7366.98
34000 225.556 138.815 4739.32 -5499.1 -759.773 -6607.07 -7366.85
35000 219.352 11.5626 4608.96 -5514.19 -905.229 -6461.8 -7367.03
36000 215.058 90.0261 4518.75 -5495.44 -976.695 -6390.17 -7366.87
37000 219.664 55.2766 4615.53 -5563.62 -948.096 -6419.12 -7367.21
38000 221.166 -162.35 4647.08 -5481.69 -834.604 -6532.6 -7367.2
39000 221.807 31.428 4660.55 -5524.69 -864.14 -6503.26 -7367.4
40000 218.629 -62.3069 4593.78 -5493.24 -899.458 -6467.84 -7367.3
41000 222.693 106.739 4679.17 -5514.04 -834.87 -6532.2 -7367.07
42000 222.977 -149.597 4685.12 -5512.46 -827.342 -6539.6 -7366.94
43000 222.934 158.874 4684.23 -5357.29 -673.052 -6693.96 -7367.01
44000 221.129 202.942 4646.3 -5396.27 -749.964 -6617.06 -7367.03
45000 220.515 101.17 4633.39 -5390.54 -757.151 -6609.59 -7366.74
46000 221.615 -102.35 4656.52 -5370.39 -713.875 -6652.82 -7366.69
47000 220.658 -415.477 4636.41 -5330.89 -694.483 -6672.21 -7366.7
48000 222.953 47.614 4684.62 -5437.41 -752.789 -6614.32 -7367.11
49000 221.395 -4.52017 4651.89 -5428.36 -776.468 -6590.44 -7366.91
50000 219.991 106.099 4622.39 -5369.72 -747.329 -6619.48 -7366.81
51000 217.251 -9.9062 4564.82 -5450.96 -886.143 -6481.1 -7367.24
52000 219.314 -188.709 4608.16 -5473.24 -865.086 -6502.3 -7367.38
53000 218.782 -154.753 4596.99 -5512.63 -915.641 -6451.66 -7367.3
54000 221.281 73.5193 4649.5 -5463.09 -813.587 -6553.27 -7366.86
55000 214.232 33.4053 4501.38 -5534.27 -1032.89 -6334.16 -7367.05
56000 218.332 13.6455 4587.54 -5544.54 -957 -6410.05 -7367.05
57000 221.735 -38.6994 4659.03 -5486.32 -827.29 -6539.81 -7367.1
58000 222.592 6.745 4677.04 -5527.63 -850.593 -6516.6 -7367.19
59000 218.269 -218.844 4586.22 -5543.67 -957.452 -6409.6 -7367.05
60000 214.905 9.58207 4515.53 -5502.15 -986.623 -6380.39 -7367.02
61000 219.728 107.289 4616.86 -5498.2 -881.33 -6485.68 -7367.01
62000 218.775 -302.954 4596.85 -5483.59 -886.739 -6480.38 -7367.12
63000 216.747 -147.03 4554.23 -5418.59 -864.363 -6502.42 -7366.78
64000 223.463 128.571 4695.34 -5356.93 -661.591 -6705.14 -7366.73
65000 221.236 -32.6561 4648.56 -5428.26 -779.7 -6586.86 -7366.56
66000 215.247 -88.0136 4522.72 -5417.76 -895.041 -6471.63 -7366.67
67000 218.762 -48.8641 4596.58 -5552.03 -955.45 -6411.62 -7367.07
68000 217.581 -246.882 4571.75 -5410.49 -838.745 -6528.16 -7366.9
69000 220.295 -104.868 4628.79 -5385.84 -757.057 -6609.53 -7366.58
70000 221.398 112.016 4651.96 -5406.7 -754.737 -6611.89 -7366.63
71000 223.15 -102.749 4688.76 -5481.25 -792.483 -6574.36 -7366.84
72000 219.053 85.0993 4602.68 -5495.27 -892.592 -6474.33 -7366.92
73000 219.977 45.5398 4622.1 -5534.21 -912.11 -6454.71 -7366.82
74000 223.61 -88.8946 4698.42 -5466.26 -767.835 -6599.22 -7367.06
75000 216.242 23.1131 4543.62 -5483.84 -940.222 -6426.77 -7367
76000 218.365 133.535 4588.22 -5566.97 -978.747 -6388.19 -7366.94
77000 216.653 -298.875 4552.26 -5552.36 -1000.1 -6366.89 -7366.98
78000 220.54 102.908 4633.94 -5582.61 -948.672 -6418.43 -7367.11
79000 220.099 236.448 4624.66 -5604.25 -979.59 -6387.32 -7366.91
80000 219.358 17.0069 4609.1 -5576.74 -967.643 -6399.48 -7367.12
81000 218.799 43.2752 4597.34 -5558.77 -961.432 -6405.78 -7367.21
82000 222.309 361.79 4671.09 -5539.04 -867.944 -6498.93 -7366.87
83000 219.263 -125.289 4607.1 -5571.14 -964.035 -6402.82 -7366.86
84000 219.202 -174.178 4605.8 -5565.14 -959.336 -6407.52 -7366.86
85000 220.845 13.8616 4640.33 -5579.79 -939.456 -6427.55 -7367
86000 217.643 -216.027 4573.05 -5610.56 -1037.51 -6329.22 -7366.73
87000 222.633 -63.426 4677.9 -5612.64 -934.739 -6432.02 -7366.75
88000 220.222 105.099 4627.25 -5601.84 -974.594 -6392.42 -7367.02
89000 220.351 -9.84538 4629.95 -5707.16 -1077.21 -6289.87 -7367.08
90000 219.138 -345.68 4604.46 -5689.36 -1084.9 -6281.95 -7366.85
91000 220.461 -146.027 4632.27 -5721.88 -1089.61 -6277.29 -7366.9
92000 220.828 284.453 4639.97 -5649.13 -1009.16 -6357.39 -7366.55
93000 218.896 449.091 4599.39 -5670.25 -1070.86 -6295.86 -7366.73
94000 220.003 -69.4245 4622.64 -5712.52 -1089.88 -6276.96 -7366.84
95000 218.641 -261.718 4594.02 -5731.08 -1137.06 -6229.49 -7366.55
96000 219.147 228.178 4604.66 -5833.89 -1229.23 -6137.59 -7366.82
97000 221.58 348.172 4655.78 -5766.52 -1110.74 -6255.97 -7366.71
98000 222.275 112.228 4670.37 -5772.24 -1101.87 -6265.18 -7367.05
99000 220.448 36.0658 4631.99 -5907 -1275.01 -6092.16 -7367.17
100000 217.064 208.8 4560.89 -5839.03 -1278.14 -6088.74 -7366.88
101000 221.535 224.603 4654.83 -5881.01 -1226.18 -6140.88 -7367.05
102000 220.013 109.374 4622.84 -5892.71 -1269.87 -6097.4 -7367.26
103000 221.561 -116.417 4655.37 -5815.88 -1160.51 -6206.48 -7366.99
104000 220.565 -117.197 4634.46 -5836.81 -1202.35 -6164.72 -7367.08
105000 218.282 161.983 4586.48 -5779.71 -1193.23 -6173.63 -7366.85
106000 222.081 231.151 4666.3 -5937.45 -1271.15 -6095.79 -7366.95
107000 219.441 -10.2365 4610.83 -5827.23 -1216.4 -6150.68 -7367.08
108000 223.025 -45.8717 4686.14 -5855.19 -1169.05 -6197.96 -7367
109000 220.889 -172.75 4641.26 -5846.36 -1205.1 -6161.71 -7366.81
110000 218.131 -9.20712 4583.31 -5728.37 -1145.06 -6221.48 -7366.54
111000 219.496 150.088 4611.98 -5688.71 -1076.72 -6289.91 -7366.63
112000 220.129 -24.044 4625.29 -5742.64 -1117.35 -6249.36 -7366.71
113000 216.565 -94.3395 4550.4 -5733.51 -1183.11 -6183.58 -7366.69
114000 225.684 51.251 4742 -5629.26 -887.261 -6479.46 -7366.72
115000 219.98 97.7118 4622.16 -5565.98 -943.828 -6422.77 -7366.6
116000 221.586 -244.412 4655.9 -5596.25 -940.354 -6426.38 -7366.73
117000 222.124 -145.368 4667.21 -5521.16 -853.944 -6512.6 -7366.55
118000 219.24 -123.262 4606.61 -5545.94 -939.331 -6427.1 -7366.43
119000 219.135 -405.669 4604.4 -5504.06 -899.658 -6466.85 -7366.51
120000 222.363 -26.8262 4672.24 -5478.25 -806.008 -6560.46 -7366.47
121000 220.196 124.508 4626.7 -5458.42 -831.715 -6534.96 -7366.68
122000 220.343 -171.642 4629.78 -5536 -906.222 -6460.18 -7366.41
123000 223.325 -32.576 4692.45 -5414.21 -721.759 -6644.29 -7366.05
124000 218.491 161.186 4590.87 -5454 -863.13 -6503.09 -7366.22
125000 217.894 -153.109 4578.34 -5476.56 -898.217 -6467.86 -7366.08
126000 217.667 70.8883 4573.56 -5497.78 -924.22 -6441.72 -7365.94
127000 217.669 359.001 4573.61 -5534.51 -960.903 -6405.1 -7366
128000 220.121 -483.525 4625.13 -5488.01 -862.88 -6503.04 -7365.92
129000 219.284 -213.893 4607.53 -5548.01 -940.483 -6425.43 -7365.91
130000 222.158 363.157 4667.93 -5450.38 -782.45 -6583.75 -7366.2
131000 224.728 21.7903 4721.92 -5500.9 -778.975 -6587.12 -7366.09
132000 219.068 -230.747 4603 -5543.09 -940.091 -6426.03 -7366.12
133000 219.444 -28.2085 4610.91 -5634.71 -1023.81 -6342.63 -7366.44
134000 215.427 -105.243 4526.49 -5653.17 -1126.68 -6239.64 -7366.32
135000 217.066 132.925 4560.93 -5618.23 -1057.3 -6308.88 -7366.17
136000 220.909 -70.0488 4641.67 -5546.91 -905.236 -6460.35 -7365.59
137000 224.187 -13.5403 4710.55 -5684.15 -973.603 -6392.44 -7366.05
138000 220.831 195.644 4640.04 -5681.37 -1041.33 -6325.21 -7366.53
139000 223.803 276.322 4702.48 -5677.23 -974.746 -6391.78 -7366.53
140000 222.7 -74.8263 4679.32 -5559.74 -880.422 -6485.75 -7366.17
141000 220.909 20.2731 4641.67 -5679.38 -1037.71 -6328.59 -7366.3
142000 222.537 129.061 4675.88 -5760.84 -1084.96 -6281.54 -7366.5
143000 216.942 -15.8672 4558.32 -5701.17 -1142.84 -6223.61 -7366.45
144000 222.148 48.243 4667.71 -5667.01 -999.303 -6367.18 -7366.48
145000 221.05 -211.07 4644.64 -5771.35 -1126.71 -6239.6 -7366.31
146000 220.424 -45.9754 4631.49 -5744.24 -1112.75 -6253.63 -7366.38
147000 219.519 -46.8191 4612.47 -5693.4 -1080.93 -6285.74 -7366.68
148000 220.844 164.69 4640.31 -5574.94 -934.631 -6431.96 -7366.59
149000 226.049 -116.921 4749.68 -5573.2 -823.518 -6543.12 -7366.64
150000 221.843 -451.671 4661.3 -5647.04 -985.742 -6380.53 -7366.27
151000 222.588 119.826 4676.96 -5579.58 -902.62 -6463.47 -7366.09
152000 221.691 21.3041 4658.12 -5630.98 -972.86 -6393.7 -7366.56
153000 218.417 -32.2429 4589.31 -5652.63 -1063.32 -6303.44 -7366.76
154000 216.271 -335.46 4544.23 -5562.03 -1017.8 -6348.63 -7366.43
155000 218.444 104.42 4589.89 -5608.25 -1018.36 -6347.98 -7366.34
156000 217.553 271.997 4571.16 -5581.24 -1010.09 -6356.65 -7366.74
157000 219.716 -14.0196 4616.61 -5600.6 -983.994 -6382.83 -7366.82
158000 222.83 -22.5927 4682.04 -5534.85 -852.816 -6513.49 -7366.31
159000 219.353 34.6339 4608.99 -5609.18 -1000.19 -6366.37 -7366.57
160000 217.918 -172.679 4578.83 -5595.94 -1017.11 -6349.57 -7366.67
161000 218.644 -253.949 4594.09 -5565.06 -970.975 -6395.51 -7366.49
162000 222.019 50.8534 4665 -5533.12 -868.115 -6498.37 -7366.48
163000 223.272 226.299 4691.33 -5608.59 -917.26 -6449.07 -7366.33
164000 219.591 -102.442 4613.99 -5472.98 -858.991 -6507.05 -7366.04
165000 223.33 -240.958 4692.54 -5523.96 -831.417 -6535.14 -7366.56
166000 222.286 74.7233 4670.61 -5582.69 -912.075 -6454.35 -7366.43
167000 217.565 -124.435 4571.43 -5542.96 -971.533 -6394.98 -7366.51
168000 219.061 -172.537 4602.85 -5543.07 -940.219 -6426.11 -7366.33
169000 224.086 64.5754 4708.43 -5565.98 -857.556 -6508.62 -7366.18
170000 220.113 55.6877 4624.96 -5585.19 -960.23 -6406.22 -7366.46
171000 220.088 59.1441 4624.42 -5583.81 -959.392 -6406.85 -7366.25
172000 220.84 18.4826 4640.24 -5596.32 -956.078 -6410.46 -7366.53
173000 219.412 -91.2423 4610.23 -5543.8 -933.567 -6432.34 -7365.91
174000 219.06 -132.743 4602.82 -5572.96 -970.14 -6396.25 -7366.39
175000 223.448 -31.2693 4695.03 -5612.52 -917.491 -6449.02 -7366.51
176000 223.577 -149.913 4697.75 -5656.4 -958.653 -6407.82 -7366.47
177000 219.75 -8.34407 4617.33 -5602.69 -985.359 -6380.71 -7366.06
178000 219.337 6.69408 4608.64 -5629.57 -1020.92 -6345.36 -7366.29
179000 221.825 39.7678 4660.92 -5634.54 -973.619 -6392.83 -7366.45
180000 217.691 13.0131 4574.06 -5615.14 -1041.08 -6325.48 -7366.56
181000 219.993 -43.668 4622.44 -5663.07 -1040.63 -6325.79 -7366.42
182000 220.687 -113.016 4637.02 -5688.74 -1051.72 -6314.44 -7366.16
183000 220.766 -16.8022 4638.68 -5667.04 -1028.35 -6337.84 -7366.2
184000 220.183 -70.5907 4626.42 -5634.58 -1008.17 -6358.2 -7366.36
185000 222.463 -64.3822 4674.32 -5651.78 -977.451 -6388.97 -7366.42
186000 222.132 47.4478 4667.39 -5578.75 -911.366 -6455.02 -7366.38
187000 218.725 178.024 4595.79 -5666.33 -1070.54 -6296.13 -7366.67
188000 222.001 78.7026 4664.62 -5585 -920.377 -6446.04 -7366.42
189000 218.944 -74.9664 4600.39 -5593.41 -993.015 -6373.17 -7366.19
190000 216.936 195.759 4558.19 -5599.61 -1041.41 -6324.87 -7366.28
191000 219.239 -110.282 4606.59 -5660.04 -1053.45 -6313.14 -7366.59
192000 221.828 -300.122 4660.98 -5655.08 -994.105 -6372.48 -7366.59
193000 221.239 -109.78 4648.61 -5519.05 -870.431 -6495.51 -7365.94
194000 222.637 330.303 4677.99 -5480.01 -802.016 -6563.89 -7365.9
195000 219.248 42.4957 4606.79 -5567.8 -961.007 -6405.2 -7366.21
196000 220.787 -245.616 4639.12 -5600.21 -961.09 -6405.8 -7366.89
197000 219.678 42.5148 4615.82 -5660.54 -1044.72 -6322.11 -7366.83
198000 220.147 -20.5455 4625.67 -5563.8 -938.126 -6427.93 -7366.05
199000 216.905 -77.7561 4557.55 -5539.15 -981.605 -6384.13 -7365.73
200000 220.383 51.6948 4630.63 -5586.87 -956.24 -6410.19 -7366.43
