# Time-averaged data for fix 1
# TimeStep c_pTensor[1] c_pTensor[2] c_pTensor[3]
1000 1143.92 1130.59 1213.88
2000 888.504 897.106 872.038
3000 537.255 513.617 468.833
4000 248.428 262.189 213.233
5000 38.4727 48.4773 51.9985
6000 -66.9785 -14.1192 -7.18237
7000 -123.977 -98.7021 -111.717
8000 -214.514 -211.802 -175.091
9000 -232.761 -230.907 -248.248
10000 -267.265 -287.165 -270.367
11000 -314.363 -275.453 -241.418
12000 -311.111 -276.966 -267.566
13000 -288.081 -274.802 -229.409
14000 -248.56 -221.198 -212.168
15000 -190.659 -212.035 -134.531
16000 -164.36 -185.706 -148.477
17000 -186.591 -170.323 -141.958
18000 -116.569 -115.756 -62.7271
19000 -110.178 -112.987 -87.9857
20000 -106.619 -78.7251 -57.8705
21000 -66.0611 -53.3642 10.2578
22000 -66.4089 -25.8693 32.6955
23000 -30.9209 -2.58646 81.4636
24000 -16.6267 -18.1038 39.3553
25000 -57.9396 -8.06217 7.21629
26000 -19.5015 -46.3912 -37.9633
27000 -36.9589 -25.8208 -13.6327
28000 -31.7454 -17.6993 -18.8895
29000 -81.8618 -36.7437 -42.877
30000 -54.2754 -48.5613 -40.2528
31000 -44.7482 -43.9372 -19.5281
32000 -61.1916 -39.2903 5.85461
33000 -46.2161 -33.7083 -5.0434
34000 -43.293 -45.2638 -14.8167
35000 -71.842 -33.0563 -47.6624
36000 -85.295 -63.1522 -42.2234
37000 -67.42 -14.1514 -39.8782
38000 -72.8055 -32.4134 -36.1448
39000 -63.6868 -89.7824 -40.2486
40000 -72.2397 -47.5657 -35.0294
41000 -79.1515 -33.2272 -44.7408
42000 -37.3077 -23.0018 -22.131
43000 -31.0536 -38.0507 -27.5806
44000 -53.5487 -35.9276 41.5026
45000 -65.2258 -74.9296 18.5346
46000 -67.1958 -79.0949 -11.8192
47000 -99.302 -63.1738 -3.55351
48000 -109.517 -62.1645 -59.0602
49000 -54.747 -75.1123 -62.9171
50000 -22.576 -40.5343 -12.7519
51000 -19.8213 -39.0902 13.07
52000 -39.5164 -58.2562 -20.3175
53000 -17.2173 -46.192 -30.9629
54000 -31.7431 -13.5948 -10.6713
55000 -72.4017 -62.3268 -18.3032
56000 -59.3601 -65.851 -7.10722
57000 -60.2299 -49.4917 -24.4134
58000 -18.8047 -51.9683 4.88511
59000 -39.2978 -80.8517 2.87891
60000 -46.2602 -113.441 -28.2768
61000 -124.662 -86.3225 -60.8624
62000 -47.1047 -78.5805 -59.3612
63000 -33.5383 -87.6646 -44.4871
64000 -52.2322 -33.5656 14.3452
65000 -60.8793 -66.3568 -17.0517
66000 -11.8698 -27.8453 -14.9676
67000 -17.3771 -29.2836 44.7498
68000 -47.2025 10.548 10.1859
69000 -78.1996 2.13676 -20.174
70000 -29.6977 -27.0187 1.43294
71000 -31.1057 -13.7379 0.830783
72000 -29.7996 -49.7436 -20.5474
73000 -70.2299 -48.2554 -8.93833
74000 -50.037 -51.3542 -27.9571
75000 -46.3295 -63.0869 -11.3388
76000 -91.746 -99.3408 -14.7361
77000 -55.6798 -59.866 6.30623
78000 -23.2178 -75.265 -11.4785
79000 -44.6504 -51.0656 -27.275
80000 -45.5745 -43.2316 13.261
81000 -42.247 -41.8081 -22.1325
82000 -29.0134 -25.4883 9.76064
83000 -19.7752 -8.16732 -0.479407
84000 -48.2773 -64.2657 5.88921
85000 -45.7065 -76.0602 -17.1235
86000 -45.3489 -68.6231 -9.61229
87000 -32.9861 -34.4664 24.5192
88000 -20.7823 -24.7431 -23.5252
89000 -52.8767 -34.9161 -22.056
90000 -48.3717 -29.7582 1.16507
91000 -34.3275 -12.5706 -6.08467
92000 -27.0997 22.2817 12.1701
93000 -29.6549 1.72032 -4.19843
94000 -40.7841 -60.7512 -27.694
95000 -48.212 -99.7373 -61.6293
96000 -30.3672 -36.1028 0.715564
97000 -47.8341 -13.3302 -21.0534
98000 -1.52478 -50.092 34.9488
99000 -7.72263 -33.3597 10.5841
100000 4.65587 6.45534 -5.29309
101000 -13.7717 -3.90919 8.22361
102000 -25.3299 33.1106 37.2822
103000 17.7585 9.1716 50.6317
104000 -1.15521 -14.9679 -3.39237
105000 -22.8022 -7.29027 18.1921
106000 -6.59639 -81.3051 0.386879
107000 -59.6826 -46.5402 -22.2145
108000 -59.2668 -68.933 10.1333
109000 -42.5112 -53.1126 -20.7012
110000 -44.3487 -71.693 -14.7861
111000 -82.3281 -4.20432 -14.8748
112000 -36.6843 -40.3751 -10.9134
113000 -35.4579 -26.2462 0.0342787
114000 -25.8107 -30.0362 -10.4827
115000 13.018 0.246205 25.2458
116000 -25.8662 4.69053 -2.86734
117000 -4.04081 -14.7696 39.4964
118000 -8.11493 -57.2454 6.04971
119000 -17.6663 -40.6417 7.14171
120000 -35.4319 -20.6583 -42.7184
121000 -25.4189 -27.4141 -31.5109
122000 -90.0375 -42.5065 -32.6935
123000 -72.5458 -25.0724 8.78233
124000 -47.3433 -37.5378 6.06366
125000 -63.3511 -40.8536 -24.8815
126000 -37.8238 -38.3979 0.0252933
127000 -62.4007 -40.0136 -4.90061
128000 -68.3854 -54.548 -53.9055
129000 -41.7167 -80.691 -31.2683
130000 -34.6774 -61.7393 2.28381
131000 -9.36823 -16.6112 -11.7172
132000 -13.5451 -36.693 8.51409
133000 -25.9143 -27.9713 27.7895
134000 -14.3694 -5.59907 19.883
135000 -28.175 -16.278 24.7302
136000 -19.4723 33.2096 46.326
137000 -4.13036 -16.872 1.99413
138000 -29.5568 -31.2754 -5.80325
139000 -76.0788 -43.8992 -29.5405
140000 -71.0593 -51.7107 -3.87283
141000 -94.7985 -113.206 -73.0693
142000 -60.9364 -82.9874 -68.6859
143000 -69.0227 -85.255 -28.0368
144000 -108.135 -103.675 -44.3668
145000 -46.1641 -65.4561 -21.6827
146000 -105.237 -84.567 -41.0364
147000 -101.858 -90.9938 -60.4255
148000 -55.8631 -85.6979 -43.5413
149000 -28.5552 -29.7425 31.9791
150000 -31.1685 -10.474 12.5828
151000 -18.6407 -10.9134 75.9611
152000 -26.5195 10.1665 55.0434
153000 0.101373 -12.352 67.9475
154000 13.7281 32.0019 58.2427
155000 46.6432 22.298 44.1273
156000 90.9008 70.5325 102.188
157000 70.8157 69.3593 106.611
158000 130.171 151.679 179.778
159000 166.074 142.514 172.671
160000 145.118 152.462 175.335
161000 160.425 157.64 173.636
162000 97.109 121.487 134.667
163000 110.365 100.63 139.475
164000 108.419 150.582 120.708
165000 95.7827 111.647 82.0499
166000 73.6008 46.2916 21.2954
167000 56.1602 39.8716 37.479
168000 30.7717 -23.9329 18.0012
169000 5.33592 2.36497 38.4462
170000 -2.01761 -26.8312 -22.5446
171000 -2.48614 -12.6309 20.8535
172000 -54.0837 -64.5064 -24.2526
173000 -42.7012 -32.3488 -55.1939
174000 -59.498 -86.3529 -61.2553
175000 -73.2221 -64.2732 -100.644
176000 -68.6835 -95.8491 -66.3135
177000 -62.7525 -48.097 -57.256
178000 -77.9178 -91.3499 -108.629
179000 -54.7476 -104.043 -109.983
180000 -124.951 -114.702 -99.6713
181000 -97.4215 -67.262 -84.0305
182000 -87.7185 -103.104 -92.6414
183000 -143.059 -97.3052 -102.009
184000 -126.673 -122.113 -101.082
185000 -82.8662 -113.119 -45.6392
186000 -66.0461 -70.0828 -10.6594
187000 -87.6302 -70.3417 -40.1872
188000 -123.702 -59.2728 -51.2103
189000 -59.8889 -83.4799 -27.7424
190000 -42.4455 -30.2349 -57.367
191000 -16.6539 -6.4689 30.5707
192000 3.77013 -21.8887 25.735
193000 4.65438 30.604 34.0904
194000 30.9435 32.2622 33.1899
195000 34.0719 74.8614 60.3521
196000 49.9729 38.1419 66.3317
197000 42.4729 60.4131 86.6898
198000 87.5995 59.403 100.329
199000 92.3169 71.767 90.3438
200000 78.3113 56.5902 90.885
