# Time-averaged data for fix 1
# TimeStep c_pTensor[1] c_pTensor[2] c_pTensor[3]
1000 1118.83 1124.37 1198.52
2000 825.203 776.3 767.607
3000 419.036 460.646 378.351
4000 174.968 222.311 188.619
5000 46.2998 29.275 70.0901
6000 -51.0966 -62.466 -29.2797
7000 -151.151 -104.434 -102.236
8000 -147.456 -180.559 -139.425
9000 -196.364 -205.773 -151.508
10000 -226.574 -260.016 -191.561
11000 -289.007 -265.731 -223.699
12000 -287.995 -234.234 -229.917
13000 -263.169 -313.031 -266.23
14000 -275.304 -263.546 -223.692
15000 -186.063 -193.389 -168.191
16000 -190.98 -162.465 -142.541
17000 -167.566 -159.91 -117.532
18000 -129.789 -116.548 -44.9013
19000 -86.3209 -100.128 -4.88637
20000 -51.0842 -28.5694 32.381
21000 -52.0924 -37.854 1.57262
22000 -49.6607 -36.0482 -23.5968
23000 -47.2011 -69.9179 -23.9918
24000 -18.0735 -45.2771 2.83993
25000 -47.2801 -72.8753 -12.5216
26000 -80.1963 -64.1911 -33.8813
27000 -78.9875 -67.4822 -44.8162
28000 -66.4858 -72.0983 -4.63672
29000 -67.2493 -68.6493 -44.2403
30000 -71.2607 -80.0415 -56.3528
31000 -51.4957 -52.6815 16.9304
32000 -49.5274 -36.4075 12.1011
33000 -29.7967 -25.9799 12.5102
34000 -36.8955 -3.35716 17.7363
35000 -41.8886 0.269157 12.7624
36000 -26.3439 -30.5714 24.1885
37000 -59.3016 -64.0029 -3.65129
38000 -58.6347 -26.5424 -31.5232
39000 -56.5941 2.77355 14.7495
40000 -83.6386 -60.7481 -12.0096
41000 -77.0735 -51.8004 -22.4029
42000 -45.1111 -34.3744 32.34
43000 -31.1003 -53.0803 0.537852
44000 -9.36249 -47.252 -13.3945
45000 -19.995 -23.1123 2.99241
46000 -44.8588 -10.4373 8.77628
47000 -21.3463 -10.5928 33.3114
48000 2.8638 -34.2636 19.5027
49000 -11.5541 -54.0484 14.2995
50000 -1.44707 -37.9296 20.5134
51000 -41.1837 -46.2003 -13.834
52000 -64.8972 -82.5759 -47.6472
53000 -21.7796 -49.9993 -7.57158
54000 -35.3359 -31.1986 -40.3436
55000 -52.3081 -47.5723 5.65487
56000 -40.0548 -29.1182 17.6342
57000 -32.6758 -53.1744 -17.9702
58000 -40.605 -11.4441 16.5683
59000 17.4125 -30.5817 14.5854
60000 -30.7824 -45.7735 5.76895
61000 -11.6586 -29.4252 -14.7861
62000 -31.5277 -6.11666 49.3045
63000 -45.8766 -52.4635 -14.1249
64000 -57.0472 -14.2877 2.47805
65000 -40.929 -49.8513 8.76518
66000 -39.4994 -27.813 -28.6109
67000 -41.0463 13.7657 22.7113
68000 -40.4496 -2.21896 21.8095
69000 -58.2577 -10.3867 7.62973
70000 -35.3124 -3.50531 -13.3337
71000 4.20104 -35.8049 -13.293
72000 -26.4206 -11.5886 23.0712
73000 -19.8814 -12.3884 32.3421
74000 27.7934 4.62365 41.5909
75000 7.35283 18.8651 65.9311
76000 -31.8537 -15.1612 -11.4192
77000 13.2179 -4.07178 29.4736
78000 9.11594 19.5816 26.8902
79000 -47.1345 -52.9648 -14.0899
80000 -16.2621 -0.414084 3.81614
81000 -13.3651 -48.1375 32.2244
82000 1.82846 -67.5062 3.43975
83000 -33.7991 -69.5671 -0.445831
84000 -33.303 -30.5403 -29.674
85000 -11.5436 -28.7431 -5.41795
86000 18.6504 -39.3879 -16.0504
87000 -27.4264 -10.3209 16.6807
88000 12.6143 -6.69025 51.0109
89000 -6.64285 -9.921 26.2136
90000 -15.8689 -54.9353 5.41196
91000 -41.8179 -20.5625 13.9081
92000 -27.8907 -35.1703 -0.874722
93000 -42.8961 -37.1046 -28.5484
94000 -58.0154 -60.229 -16.1615
95000 -52.0938 -7.29457 -5.86461
96000 -49.0713 -47.4114 35.5958
97000 -50.7083 -37.7776 -2.85723
98000 -14.8897 15.5491 26.8402
99000 -32.7012 -27.8684 27.2092
100000 -19.7259 -29.2265 -2.57222
101000 -32.3413 -66.6942 1.54587
102000 -34.4222 -32.5081 -2.78872
103000 -42.154 -37.8866 -46.6025
104000 -51.9086 -12.6187 -23.6366
105000 -58.5328 -51.5668 4.61393
106000 -15.712 -33.7821 19.3019
107000 4.15742 -7.03256 62.7046
108000 -13.2181 -15.617 54.1745
109000 -48.3311 -18.2806 37.8083
110000 -66.0591 -47.3954 39.8607
111000 -27.6566 -11.0536 -2.22165
112000 -53.685 -33.0152 -0.930942
113000 -28.0339 -62.5294 -3.27856
114000 -45.1295 -35.751 2.57405
115000 -47.9167 -10.2684 14.7322
116000 -79.0884 -80.7369 -13.2866
117000 -3.20317 -43.8647 -21.9366
118000 -58.229 -58.1568 -23.8866
119000 -66.5403 -12.7038 -13.9936
120000 -26.6382 -41.7826 2.53279
121000 -2.76556 -40.876 -0.30634
122000 -52.6642 -0.714441 -6.28388
123000 -8.34055 -41.815 21.4421
124000 -16.1075 -19.7657 42.1619
125000 -0.67976 -18.2407 19.1208
126000 -48.5359 -51.6722 2.78471
127000 -25.044 -62.1178 -2.43336
128000 -26.4409 -47.6015 -6.4903
129000 -27.759 -84.6032 6.19581
130000 -37.736 -2.20122 13.3777
131000 13.0127 -45.285 34.1835
132000 11.2409 -49.597 16.8237
133000 -56.3699 -48.5415 -41.5672
134000 -9.07559 -28.6798 -3.10023
135000 -47.9966 -8.58633 30.0424
136000 -10.6113 -36.9369 12.2652
137000 -16.2103 -4.51444 1.31453
138000 -2.17202 -12.4867 15.1883
139000 -20.6312 -27.0268 -16.3118
140000 -7.08373 26.8521 -29.0125
141000 -47.8575 12.9733 -23.2554
142000 -25.5298 -16.6535 16.0054
143000 -32.8339 0.392528 17.0947
144000 -15.2534 -3.54214 34.247
145000 -2.2857 17.938 26.765
146000 -17.1061 -39.9907 -6.44658
147000 -25.4189 -17.0673 46.7393
148000 -14.483 -10.8715 25.0174
149000 28.0903 33.086 14.0492
150000 -51.5122 -23.4716 19.3817
151000 -27.968 -10.7236 22.6137
152000 -9.76399 -27.8026 1.15663
153000 -7.45544 -42.0479 -15.4644
154000 -60.7002 -67.6762 -24.2682
155000 -48.2417 -72.3014 -1.77184
156000 -54.1073 -61.6253 -31.1355
157000 -49.7647 -36.0683 -3.11729
158000 -76.0167 -26.6617 33.478
159000 -64.8141 -23.5984 21.1849
160000 -3.42539 -38.8917 25.6013
161000 -34.9752 -22.5947 -11.8844
162000 -36.0804 -26.3206 -10.5193
163000 -12.0357 -34.2524 11.1847
164000 -24.4593 -11.7512 42.7849
165000 -52.5498 -25.3753 22.3908
166000 -4.97985 -25.8226 3.4566
167000 -63.1073 -66.2179 -26.9059
168000 -38.1321 -78.5001 -36.6782
169000 1.5994 -57.0172 7.4464
170000 14.0349 -46.9633 -13.6681
171000 5.51208 -25.986 4.46305
172000 -49.0673 18.9563 13.9667
173000 -13.2401 -7.24257 40.6209
174000 -3.16546 -8.04344 49.3926
175000 -34.5816 -44.1088 11.474
176000 -45.0087 -25.7318 -19.0195
177000 -6.4477 -16.4229 16.4532
178000 -33.0721 -44.8531 -2.76878
179000 -16.6696 -36.366 -6.59155
180000 -67.4375 -53.3899 -13.8568
181000 -34.7025 -15.0758 5.61408
182000 -66.4994 -66.8089 5.06723
183000 -84.9131 -62.5685 43.1541
184000 -32.6844 -5.15408 9.97467
185000 -66.8591 -34.5344 -31.4672
186000 -29.6117 -4.92926 -2.22409
